((("prime_b" .
	 [1 0 0 0 0 0 0])
	("primeh" .
	 [2 0 0 0 0 0])
	("step" .
	 [2 0 0 0])
	("search" .
	 [7 0 0 0 0 0])
	("matelist" .
	 [1 0 0 0 0 0 0 0])
	("OrderedDict" .
	 [1 0 0 0 0 0 0 0 0 0 0])
	("MATERIALS" .
	 [1 0 0 0 0 0 0 0 0])
	("has_key" .
	 [1 0 0 0 0 0 1])
	("MONSTER" .
	 [0 0 0 0 0 0 1])
	("space" .
	 [2 0 0 0 0])
	("iteritems" .
	 [0 0 0 0 0 0 0 1 0])
	("mons_dic" .
	 [4 0 0 0 0 0 0 3])
	("material" .
	 [4 0 0 0 2 0 0 0])
	("materials" .
	 [3 0 0 0 0 0 2 0 1])
	("MONSTERS" .
	 [6 0 0 0 0 0 0 0])
	("MONSTER_FILE" .
	 [0 0 0 0 0 0 0 0 1 0 0 0])
	("mondic" .
	 [1 0 0 0 0 0])
	("simulate" .
	 [5 0 0 0 0 0 0 0])
	("300" .
	 [3 0 0])
	("fact" .
	 [3 0 0 0])
	("insert" .
	 [3 0 0 0 0 0])
	("front" .
	 [1 0 0 0 0])
	("inserted" .
	 [5 0 0 0 0 0 0 2])
	("card" .
	 [26 0 0 0])
	("MAX_DAY" .
	 [4 0 0 0 0 0 0])
	("getopt" .
	 [0 0 0 0 0 1])
	("getOrdinal" .
	 [1 0 0 0 0 1 0 0 0 0])
	("trainID" .
	 [1 0 0 3 0 2 0])
	("timeptr" .
	 [2 0 0 0 0 4 7])
	("showUsage" .
	 [0 0 0 0 0 1 0 0 0])
	("one_line" .
	 [0 0 0 1 0 0 0 0])
	("swapTimes" .
	 [0 0 0 0 0 0 1 0 0])
	("diaptr" .
	 [10 0 0 0 0 10])
	("MAX_LINE" .
	 [1 0 0 0 0 0 0 0])
	("WEEK" .
	 [1 0 0 0])
	("TODAY" .
	 [23 0 0 1 0])
	("getWeek" .
	 [1 0 0 0 1 0 0])
	("alldia" .
	 [36 0 0 2 1 17])
	("outdia" .
	 [24 0 0 0 0 12])
	("Diagram" .
	 [2 0 0 0 1 0 0])
	("ENGLISH" .
	 [0 0 1 0 0 0 1])
	("JAPANESE" .
	 [0 0 3 1 1 0 0 0])
	("LANG" .
	 [1 0 0 0])
	("nowwday" .
	 [0 0 0 0 2 1 0])
	("UserName" .
	 [0 0 0 0 2 0 0 0])
	("Usage" .
	 [0 0 0 0 1])
	("MAX_LANG" .
	 [0 0 0 0 0 1 0 0])
	("strncmp" .
	 [1 0 0 0 0 0 0])
	("getLang" .
	 [3 0 0 0 5 0 1])
	("Language" .
	 [1 0 0 0 0 2 0 0])
	("Lang" .
	 [6 0 0 0])
	("printJE" .
	 [0 0 0 0 0 0 1])
	("d" .
	 [3])
	("times" .
	 [17 0 0 0 0])
	("DAYS" .
	 [8 0 0 1])
	("Days" .
	 [6 0 0 0])
	("Week" .
	 [5 0 0 0])
	("sortTimes" .
	 [1 0 0 0 0 0 0 0 0])
	("fline" .
	 [2 0 0 0 0])
	("dia" .
	 [10 0 0])
	("fileline" .
	 [3 0 0 0 0 0 1 0])
	("diagram" .
	 [5 0 1 1 7 0 0])
	("24" .
	 [2 0])
	("ttp" .
	 [14 0 0])
	("timetable" .
	 [15 0 0 0 10 9 9 0 12])
	("isholiday" .
	 [1 0 0 0 2 0 0 0 0])
	("BOUND_LINE_FILE" .
	 [1 0 0 0 0 0 0 0 0 0 0 0 1 1 0])
	("today" .
	 [3 0 0 0 0])
	("OUTBOUND" .
	 [0 0 0 0 0 0 0 1])
	("INBOUND" .
	 [0 0 0 1 0 0 0])
	("line_opt" .
	 [0 0 0 0 0 0 0 7])
	("OPT_LINE" .
	 [1 0 0 0 0 0 0 0])
	("NONE" .
	 [4 0 0 0])
	("LINE" .
	 [1 0 0 0])
	("filenames" .
	 [1 0 0 0 0 0 0 0 0])
	("setTimetable" .
	 [1 0 1 0 0 0 0 0 0 0 0 0])
	("date" .
	 [3 0 0 0])
	("WEEK_DAY" .
	 [0 0 0 0 1 0 0 0])
	("HOLI_DAY" .
	 [0 0 0 0 1 0 0 0])
	("Day" .
	 [2 0 0])
	("isHoliday" .
	 [1 0 1 2 1 0 0 0 0])
	("timedata" .
	 [1 0 0 0 0 0 0 0])
	("npos" .
	 [1 0 0 0])
	("atc" .
	 [2 0 0])
	("rename" .
	 [1 0 0 0 0 0])
	("NEW_FILE" .
	 [0 0 0 0 0 0 1 0])
	("NEW_PATH" .
	 [1 0 0 1 0 0 0 1])
	("deleteflag" .
	 [0 0 0 0 4 0 0 0 0 0])
	("EOF" .
	 [6 0 0])
	("fscanf" .
	 [4 0 0 0 0 1])
	("todoid" .
	 [8 0 0 0 0 1])
	("PrintErrorJE" .
	 [2 0 0 0 0 0 2 1 0 0 0 0])
	("fp" .
	 [14 0])
	("todoc" .
	 [19 0 0 0 0])
	("exit" .
	 [4 0 0 0])
	("TODO_FILE" .
	 [0 0 0 0 1 1 0 0 0])
	("APP_DIR" .
	 [0 0 0 1 1 0 0])
	("DeleteTodo" .
	 [0 0 0 0 2 0 0 0 0 0])
	("WriteTodo" .
	 [0 0 0 0 0 0 1 1 0])
	("ShowTodo" .
	 [0 0 0 0 1 1 0 0])
	("ArgumentError" .
	 [0 0 2 0 2 0 0 0 0 0 0 0 0])
	("stream" .
	 [3 0 0 0 0 0])
	("stderr" .
	 [14 0 0 0 0 0])
	("fprintf" .
	 [11 0 0 1 0 0 1])
	("error" .
	 [1 0 0 0 0])
	("Error" .
	 [2 0 0 0 0])
	("OptionError" .
	 [1 0 0 1 0 0 1 0 0 0 0])
	("DeleteMode" .
	 [0 0 1 1 0 0 1 0 0 0])
	("optarg" .
	 [2 0 0 0 0 0])
	("enum" .
	 [21 0 0 0])
	("listflag" .
	 [0 0 0 0 0 1 0 0])
	("nameflag" .
	 [0 0 0 0 1 0 0 0])
	("timeflag" .
	 [0 0 0 0 1 0 0 0])
	("usage" .
	 [9 0 0 0 0])
	("StartApp" .
	 [0 0 0 0 0 1 0 0])
	("timetables" .
	 [0 0 0 0 0 0 1 0 0 0])
	("fname" .
	 [1 0 0 0 0])
	("t_st" .
	 [2 0 0 0])
	("nowtime" .
	 [9 0 0 0 0 7 1])
	("Times" .
	 [14 0 0 0 0])
	("csv" .
	 [1 0 0])
	("INBOUND_FILE" .
	 [0 0 1 0 0 0 0 0 0 0 0 0])
	("OUTBOUND_FILE" .
	 [0 0 0 0 1 0 0 0 0 0 0 0 0])
	("line_num" .
	 [5 0 0 2 13 2 0 22])
	("pt" .
	 [2 0])
	("minute" .
	 [7 0 3 0 10 0])
	("hour" .
	 [25 0 1 2])
	("inum" .
	 [1 0 0 0])
	("MKTMP_COM" .
	 [0 0 0 0 2 0 0 0 0])
	("MKAPP_COM" .
	 [1 0 0 0 0 1 0 0 0])
	("TMP" .
	 [5 0 0])
	("APP" .
	 [2 0 0])
	("HOME1" .
	 [1 0 0 0 0])
	("HOMES" .
	 [1 0 0 0 0])
	("TMP_PATH" .
	 [1 0 0 0 1 1 0 1])
	("APP_PATH" .
	 [4 0 0 0 0 3 0 1])
	("MKDIR_COMMAND" .
	 [0 0 0 0 1 2 0 0 0 0 0 0 0])
	("getenv" .
	 [24 0 0 1 0 4])
	("DIR_NAME" .
	 [1 0 0 1 0 0 1 0])
	("PATH" .
	 [17 0 0 0])
	("HOME" .
	 [35 0 0 0])
	("max-line" .
	 [3 0 0 0 0 0 0 0])
	("point-min" .
	 [1 0 0 0 0 0 0 0 0])
	("point-max" .
	 [1 0 0 0 0 0 0 0 0])
	("count-lines" .
	 [1 0 0 0 0 0 0 0 0 0 0])
	("defvar" .
	 [1 0 0 0 0 0])
	("lessonid" .
	 [1 0 0 0 0 0 0 0])
	("id" .
	 [1 0])
	("bgcolor" .
	 [1 0 0 0 0 0 0])
	("public" .
	 [1 0 0 0 0 0])
	("private" .
	 [1 0 0 0 0 0 0])
	("ca" .
	 [6 0])
	("Graph" .
	 [2 0 0 0 0])
	("setColor" .
	 [7 0 0 0 0 2 0 0])
	("setToArray" .
	 [0 0 0 0 0 4 1 0 0 0])
	("Color" .
	 [49 0 0 0 2])
	("f95" .
	 [1 0 0])
	("radio" .
	 [1 0 0 0 0])
	("label" .
	 [2 0 0 0 0])
	("type=" .
	 [3 0 0 0 0])
	("settingArea" .
	 [1 0 0 0 0 0 0 0 0 0 0])
	("444" .
	 [3 0 0])
	("555" .
	 [2 0 0])
	("7c5" .
	 [3 0 0])
	("ff8" .
	 [1 0 0])
	("ffa" .
	 [4 0 0])
	("box" .
	 [17 0 0])
	("border" .
	 [1 0 0 0 0 0])
	("-2px" .
	 [1 0 0 0])
	("98%" .
	 [1 0 0])
	("1%" .
	 [1 0])
	("8px" .
	 [2 0 0])
	("4px" .
	 [5 0 0])
	("30%" .
	 [2 0 0])
	("transparent" .
	 [0 0 0 0 2 0 1 1 0 0 0])
	("transform" .
	 [0 0 0 0 0 0 1 0 0])
	("25%" .
	 [2 0 0])
	("stage" .
	 [2 0 0 0 0])
	("wkm" .
	 [3 0 0])
	("Lesson" .
	 [0 0 0 0 0 1])
	("ccc" .
	 [4 0 0])
	("lessonArea" .
	 [5 0 0 0 0 0 0 0 0 0])
	("-webkit-flex" .
	 [0 0 0 0 0 0 0 0 2 0 0 0])
	("base" .
	 [1 0 0 0])
	("padding-top" .
	 [1 0 0 0 0 0 0 0 0 0 0])
	("text-decoration" .
	 [0 0 0 0 0 0 0 0 0 1 0 0 0 0 0])
	("min-height" .
	 [1 0 0 0 0 0 0 0 0 0])
	("50%" .
	 [6 0 0])
	("img" .
	 [4 0 0])
	("section" .
	 [1 0 0 0 0 0 0])
	("replace" .
	 [1 0 0 0 0 0 0])
	("_userMsg" .
	 [1 0 0 0 0 1 0 0])
	("userMsg" .
	 [3 0 0 0 0 0 0])
	("setForm" .
	 [1 0 0 0 0 0 0])
	("voc" .
	 [7 0 0])
	("n" .
	 [1])
	("zeroFormat" .
	 [0 0 0 0 0 0 1 0 0 0])
	("random" .
	 [1 0 0 0 0 0])
	("getItem" .
	 [2 0 0 0 0 0 0])
	("depart_key" .
	 [4 0 0 0 0 0 0 0 0 0])
	("period" .
	 [2 0 0 0 0 0])
	("WDAY" .
	 [2 0 0 0])
	("findtext" .
	 [4 0 0 0 0 0 0 0])
	("tree" .
	 [1 0 0 0])
	("lecs" .
	 [1 0 0 0])
	("daylecs" .
	 [2 0 0 0 0 0 0])
	("lec" .
	 [11 0 0])
	("item_template" .
	 [1 0 0 0 0 0 0 0 1 0 0 0 0])
	("location" .
	 [3 0 0 0 0 0 0 0])
	("endtime" .
	 [2 0 0 0 0 0 0])
	("starttime" .
	 [3 0 0 0 0 0 0 0 0])
	("wday" .
	 [17 0 0 0])
	("lec_template" .
	 [1 0 0 0 0 0 0 0 0 0 0 0])
	("None" .
	 [6 0 0 0])
	("e12_lecs" .
	 [1 0 0 0 0 0 0 0])
	("e12_lectures" .
	 [0 0 0 0 0 0 1 0 0 0 0 0])
	("findall" .
	 [2 0 0 0 0 0 0])
	("DEPARTMENT" .
	 [3 0 0 0 2 0 0 0 0 0])
	("GRADE" .
	 [8 0 0 0 0])
	("department" .
	 [3 0 0 0 0 3 1 0 0 3])
	("grade" .
	 [8 0 0 0 0])
	("find" .
	 [14 0 0 0])
	("lecture" .
	 [23 0 0 0 0 0 0])
	("lectures" .
	 [5 0 0 0 0 0 0 0])
	("root" .
	 [8 0 0 0])
	("xml" .
	 [2 0 0])
	("XML" .
	 [1 0 0])
	("urlopen" .
	 [1 0 0 0 0 0 0])
	("LINK" .
	 [4 0 0 0])
	("urllib2" .
	 [2 0 0 0 0 0 0])
	("doc" .
	 [1 0 0])
	("TIME_TABLE" .
	 [2 0 0 0 0 0 0 0 0 0])
	("etree" .
	 [5 0 0 0 0])
	("HINSTANCE" .
	 [1 0 0 0 0 0 0 0 0])
	("noteStore" .
	 [1 0 0 0 0 0 0 0 0])
	("userStore" .
	 [1 0 0 0 0 0 0 0 0])
	("EvernoteClient" .
	 [1 0 0 0 0 0 0 0 0 0 0 0 0 0])
	("client" .
	 [3 0 0 0 0 0])
	("CSS_FILE_NAME" .
	 [1 0 0 0 0 0 0 0 0 0 0 0 0])
	("447744" .
	 [1 0 0 0 0 0])
	("hover" .
	 [4 0 0 0 0])
	("tableArea" .
	 [1 0 0 0 0 0 2 0 0])
	("449944" .
	 [1 0 1 0 0 0])
	("339933" .
	 [1 0 0 0 0 0])
	("cccccc" .
	 [3 0 0 0 0 0])
	("333333" .
	 [1 0 0 0 0 0])
	("666666" .
	 [4 0 0 1 0 0])
	("solid" .
	 [1 0 0 0 0])
	("ridge" .
	 [1 0 0 0 0])
	("border-left" .
	 [1 0 0 0 0 0 0 0 0 0 0])
	("border-top" .
	 [1 0 0 0 0 0 0 0 0 0])
	("border-bottom" .
	 [3 0 0 0 0 0 0 0 0 0 0 0 0])
	("LIBPATH" .
	 [1 0 0 0 0 0 0])
	("ROOTPATH" .
	 [1 0 0 0 0 0 0 0])
	("FileSystemLoader" .
	 [1 0 0 0 0 0 0 0 0 0 0 0 0 0 0 0])
	("render_template" .
	 [1 0 0 0 0 0 0 0 0 0 0 0 0 0 0])
	("template_render" .
	 [1 0 0 0 0 0 0 0 0 0 0 0 0 0 0])
	("CGIHTTPServer" .
	 [1 0 0 0 0 0 0 0 0 0 0 0 0])
	("isdir" .
	 [1 0 0 0 0])
	("output_path" .
	 [5 0 0 0 0 0 0 0 0 0 0])
	("relpath" .
	 [1 0 0 0 0 0 0])
	("template_files" .
	 [5 0 0 0 0 0 0 0 0 0 0 0 0 0])
	("template_paths" .
	 [1 0 0 0 0 0 0 0 0 0 0 0 0 0])
	("ext" .
	 [1 0 0])
	("splitext" .
	 [1 0 0 0 0 0 0 0])
	("and" .
	 [6 0 0])
	("zip" .
	 [1 0 0])
	("makeDir" .
	 [1 0 0 0 0 0 0])
	("background-image" .
	 [0 0 0 0 0 0 0 0 0 0 0 1 0 0 0 0])
	("icon" .
	 [1 0 0 0])
	("url" .
	 [2 0 0])
	("ff0000" .
	 [1 0 0 0 0 0])
	("clearForm" .
	 [0 0 0 0 0 0 2 0 0])
	("Key" .
	 [1 0 0])
	("msgElement" .
	 [0 0 0 1 1 0 0 0 0 0])
	("newMsg" .
	 [6 0 0 0 0 0])
	("initMsg" .
	 [2 0 0 0 0 0 0])
	("parse" .
	 [2 0 0 0 0])
	("new_message" .
	 [0 0 0 0 1 1 2 0 0 0 0])
	("sessionStorage" .
	 [1 0 0 0 0 0 0 5 1 0 0 0 0 0])
	("Hello" .
	 [1 0 0 0 0])
	("addMessage" .
	 [0 0 0 2 2 0 0 0 0 0])
	("Message" .
	 [8 0 0 0 0 0 0])
	("setStorage" .
	 [1 0 0 1 3 0 0 0 0 0])
	("chatArea" .
	 [3 0 0 0 0 0 0 0])
	("top" .
	 [1 0 0])
	("250px" .
	 [1 0 0 0 0])
	("formArea" .
	 [3 0 0 0 0 1 0 0])
	("700" .
	 [1 0 0])
	("font-family" .
	 [0 0 0 0 0 0 0 0 0 1 0])
	("aaaaaa" .
	 [2 0 0 0 0 0])
	("Form" .
	 [1 0 0 0])
	("memp" .
	 [2 0 0 0])
	("memf" .
	 [7 0 0 0])
	("fpr" .
	 [7 0 0])
	("sizeof" .
	 [6 0 0 0 0 0])
	("fgets" .
	 [2 0 0 0 0])
	("bmi" .
	 [2 0 0])
	("weight" .
	 [2 0 0 0 0 0])
	("others" .
	 [7 0 0 0 0 0])
	("avem" .
	 [3 0 0 0])
	("average" .
	 [8 0 0 0 0 0 0])
	("Member" .
	 [8 0 0 0 0 0])
	("table_template" .
	 [1 0 0 0 0 0 1 0 0 0 0 0 0 0])
	("fpw" .
	 [4 0 0])
	("strcat" .
	 [10 0 0 0 0 0])
	("sprintf" .
	 [9 0 0 0 0 0 0])
	("MAX" .
	 [4 0 0])
	("makeTable" .
	 [0 0 0 1 1 0 0 0 0])
	("table" .
	 [14 0 0 0 0])
	("FILE" .
	 [8 0 0 0])
	("FILE_NAME1" .
	 [1 0 0 0 0 0 0 0 0 0])
	("FILE_NAME" .
	 [5 0 0 0 1 1 0 0 0])
	("30px" .
	 [15 0 0 0])
	("5px" .
	 [4 0 0])
	("editForm" .
	 [9 0 0 0 2 3 1 0])
	("25px" .
	 [3 0 0 0])
	("45px" .
	 [3 0 0 0])
	("line-height" .
	 [0 0 0 0 1 1 1 0 0 0 0])
	("235px" .
	 [1 0 0 0 0])
	("35px" .
	 [1 0 0 0])
	("280px" .
	 [2 0 0 0 0])
	("220px" .
	 [2 0 0 0 0])
	("folderBox" .
	 [0 0 0 1 0 0 0 0 0])
	("text-align" .
	 [0 0 0 0 0 0 0 0 2 0])
	("e" .
	 [1])
	("240px" .
	 [1 0 0 0 0])
	("selectScreen" .
	 [0 0 0 0 2 0 0 0 0 0 0 0])
	("s" .
	 [1])
	("200px" .
	 [6 0 0 0 0])
	("480px" .
	 [2 0 0 0 0])
	("settingScreen" .
	 [1 0 0 0 0 0 2 5 2 0 0 0 0])
	("100px" .
	 [4 0 0 0 0])
	("960px" .
	 [1 0 0 0 0])
	("margin-bottom" .
	 [1 0 0 0 0 0 0 0 0 0 0 0 0])
	("009955" .
	 [1 0 1 0 0 0])
	("980px" .
	 [2 0 0 0 0])
	("2px" .
	 [13 0 0])
	("mainScreen" .
	 [4 0 0 0 2 5 0 0 0 0])
	("972px" .
	 [1 0 0 0 0])
	("204px" .
	 [2 0 0 0 0])
	("968px" .
	 [2 0 0 0 0])
	("test" .
	 [1 0 0 0])
	("stringify" .
	 [0 0 0 0 0 0 0 1 0])
	("messages" .
	 [6 0 0 0 0 0 0 0])
	("JSON" .
	 [6 0 0 0])
	("setItem" .
	 [1 0 0 0 0 0 0])
	("newMessage" .
	 [2 0 0 0 0 0 0 0 0 0])
	("localStorage" .
	 [8 0 0 0 0 7 1 0 0 0 0 0])
	("window" .
	 [1 0 0 0 0 0])
	("message" .
	 [33 0 0 0 0 0 0])
	("submitMessage" .
	 [0 0 0 0 0 0 6 2 1 0 0 0 0])
	("appendChild" .
	 [0 0 0 0 0 3 0 0 0 1 0])
	("initmessage" .
	 [3 0 0 0 7 1 0 0 0 0 0])
	("createElement" .
	 [0 0 0 1 1 0 1 1 0 0 0 0 0])
	("funcs" .
	 [1 0 0 0 0])
	("primec" .
	 [2 0 0 0 0 0])
	("primeb" .
	 [2 0 0 0 0 0])
	("False" .
	 [1 0 0 0 0])
	("True" .
	 [3 0 0 0])
	("primea" .
	 [4 0 0 0 0 0])
	("timetest" .
	 [0 0 0 0 0 0 0 1])
	("length" .
	 [8 0 0 0 0 0])
	("String" .
	 [1 0 0 0 0 0])
	("xrange" .
	 [8 0 0 0 0 0])
	("or" .
	 [1 0])
	("spt" .
	 [4 0 0])
	("seq" .
	 [8 0 0])
	("e12" .
	 [17 0 0])
	("student" .
	 [2 0 0 0 0 0 0])
	("bestcomb" .
	 [3 0 0 0 0 0 0 0])
	("comb" .
	 [1 0 0 0])
	("permutations" .
	 [1 0 0 0 0 0 0 0 0 0 0 0])
	("itertools" .
	 [1 0 0 0 0 0 0 0 0])
	("reversed" .
	 [9 0 0 0 0 0 0 0])
	("total" .
	 [4 0 0 0 0])
	("searchcomb" .
	 [4 0 0 0 1 0 1 0 0 0])
	("totals" .
	 [4 0 0 0 0 0])
	("enumerate" .
	 [2 0 0 0 0 0 0 0 0])
	("sorted" .
	 [8 0 0 0 0 0])
	("price" .
	 [5 0 0 0 0])
	("append" .
	 [3 0 0 0 0 0])
	("targets" .
	 [4 0 0 0 0 0 0])
	("day" .
	 [10 0 0])
	("prices" .
	 [18 0 0 0 0 0])
	("raw_input" .
	 [18 0 0 0 2 0 0 0 0])
	("msg" .
	 [5 0 0])
	("fclose" .
	 [5 0 0 0 0 0])
	("wfp" .
	 [3 0 0])
	("fputc" .
	 [1 0 0 0 0])
	("fgetc" .
	 [1 0 0 0 0])
	("wfilename" .
	 [2 0 0 0 0 0 0 0 0])
	("rfilename" .
	 [2 0 0 0 0 0 0 0 0])
	("fopen" .
	 [9 0 0 0 0])
	("rfp" .
	 [3 0 0])
	("printX" .
	 [1 0 0 0 0 0])
	("Struct" .
	 [1 0 0 0 0 0])
	("showData" .
	 [0 0 0 0 2 0 0 0])
	("bubbleSort" .
	 [0 0 0 0 0 0 1 0 0 0])
	("i" .
	 [7])
	("insertionSort" .
	 [0 0 0 0 1 1 0 0 0 0 0 0 0])
	("selectionSort" .
	 [0 0 0 0 1 1 0 0 0 0 0 0 0])
	("cursor" .
	 [40 0 0 7 0 4])
	("data" .
	 [43 0 0 0])
	("last" .
	 [16 0 0 0])
	("const" .
	 [92 0 0 0 0])
	("FOR" .
	 [2 0 0])
	("array" .
	 [56 0 0 0 0])
	("COMPILE_COMMAND" .
	 [1 0 0 0 0 0 0 0 0 0 0 0 0 0 0])
	("global-linum-mode" .
	 [0 0 0 0 0 0 0 0 0 0 1 0 0 0 0 0 0])
	("funcB" .
	 [2 0 0 0 0])
	("funcA" .
	 [4 0 0 0 0])
	("static" .
	 [6 0 0 0 0 0])
	("floor" .
	 [10 0 0 0 0])
	("Math" .
	 [11 0 0 0])
	("getRotateCount" .
	 [0 0 0 0 2 0 0 0 0 0 0 0 0 0])
	("puyo" .
	 [5 0 0 0])
	("secondx" .
	 [3 0 0 0 0 0 0])
	("secondy" .
	 [5 0 0 0 0 0 0])
	("_rotateCount" .
	 [1 0 0 0 0 1 0 0 0 0 0 0])
	("bottom" .
	 [10 0 0 0 0 0])
	("firsty" .
	 [13 0 0 0 0 0])
	("firstx" .
	 [10 0 0 0 0 0])
	("color" .
	 [35 0 0 0 1])
	("isFall" .
	 [2 0 0 1 0 0])
	("ppoint" .
	 [4 0 0 0 0 0])
	("getMap" .
	 [1 0 0 0 0 0])
	("getPoint" .
	 [1 0 0 0 0 0 0 0])
	("pp" .
	 [1 0])
	("fPoint" .
	 [1 0 0 0 0 0])
	("getSecondPoint" .
	 [0 0 0 0 1 0 0 0 0 0 0 0 0 0])
	("getFirstPoint" .
	 [0 0 0 0 1 0 0 0 0 0 0 0 0])
	("puyoColor" .
	 [1 0 0 0 0 0 0 0 0])
	("getColor" .
	 [1 0 0 0 0 1 0 0])
	("Array" .
	 [1 0 0 0 0])
	("puyomap" .
	 [11 0 1 0 0 0 1])
	("MAX_ROW" .
	 [4 0 0 0 0 0 0])
	("MAX_COL" .
	 [5 0 0 0 0 0 0])
	("bottomPuyo" .
	 [1 0 0 0 0 0 0 0 0 0])
	("_first" .
	 [16 0 0 0 0 0])
	("newpuyo" .
	 [51 0 0 0 0 0 0])
	("getKeyDown" .
	 [1 0 0 0 0 0 0 0 1 0])
	("_second" .
	 [12 0 0 0 0 0 0])
	("log" .
	 [27 0 0])
	("console" .
	 [27 0 0 0 0 0 0])
	("CELL_CENTER" .
	 [4 0 0 0 0 0 0 0 0 0 0])
	("CELL_SIZE" .
	 [38 0 0 1 0 1 0 0 0])
	("20" .
	 [1 0])
	("addChildTo" .
	 [0 0 0 0 0 0 1 0 0 0])
	("Field" .
	 [1 0 0 0 0])
	("field" .
	 [18 0 0 0 0])
	("screen" .
	 [5 0 0 0 0 0])
	("Screen" .
	 [2 0 0 0 0 0])
	("Canvas" .
	 [2 0 0 0 0 0])
	("FIELD_CENTER_Y" .
	 [1 0 0 0 0 0 0 0 0 1 0 1 0 1])
	("FIELD_CENTER_X" .
	 [1 0 0 0 0 0 1 0 0 2 0 0 1 0])
	("FRAME_WIDTH" .
	 [1 0 0 0 0 1 1 0 1 0 0])
	("FIELD_HEIGHT" .
	 [6 0 0 0 0 0 0 0 0 2 1 0])
	("FIELD_WIDTH" .
	 [1 0 0 0 0 0 0 0 0 0 0])
	("display" .
	 [1 0 0 0 0 0 0])
	("false" .
	 [17 0 0 0 0])
	("friendFlag" .
	 [2 0 0 0 0 0 0 0 0 0])
	("isFriend" .
	 [0 0 2 0 0 0 0 0])
	("faction" .
	 [5 0 0 0 0 0 0])
	("getFactionMax" .
	 [0 0 0 1 0 0 0 0 0 0 0 0 0])
	("pair" .
	 [4 0 0 0])
	("friend" .
	 [2 0 0 0 0 0])
	("friends" .
	 [28 0 0 0 1 0 0])
	("member" .
	 [13 0 0 2 0 0])
	("continue" .
	 [3 0 0 0 0 0 0 2])
	("it" .
	 [15 0])
	("quote" .
	 [2 0 0 0 0])
	("default-frame-alist" .
	 [0 0 0 0 0 0 0 0 0 0 0 0 0 1 0 0 0 0 0])
	("add-to-list" .
	 [0 0 0 0 0 0 0 2 0 0 0])
	("main" .
	 [2 0 0 0])
	("graphics" .
	 [1 0 0 0 0 0 0 0])
	("LoadScene" .
	 [1 0 0 0 0 0 0 0 0])
	("height" .
	 [6 0 0 0 0 0])
	("width" .
	 [5 0 0 0 0])
	("Sprite" .
	 [2 0 0 0 0 0])
	("Map" .
	 [4 0 0])
	("map" .
	 [14 0 0])
	("user" .
	 [1 0 0 0])
	("pointing" .
	 [0 0 0 0 1 0 0 0])
	("30" .
	 [4 0])
	("StarShape" .
	 [0 0 0 0 0 1 0 0 0])
	("Star" .
	 [1 0 0 0])
	("Main" .
	 [1 0 0 0])
	("changeBackground" .
	 [0 0 1 1 0 0 0 0 0 0 0 0 0 0 0 0])
	("update" .
	 [2 0 0 0 0 0])
	("background" .
	 [3 0 0 0 1 4 0 0 0 0])
	("number" .
	 [10 0 0 0 0 3])
	("alert" .
	 [3 0 0 0 0])
	("hoge" .
	 [6 0 0 0])
	("tab-width" .
	 [0 0 0 0 2 0 0 0 0])
	("lambda" .
	 [5 0 0 0 0 0])
	("js2-mode-hook" .
	 [0 0 0 0 0 0 0 0 0 0 0 2 0])
	("add-hook" .
	 [1 0 0 0 1 0 0 0])
	("var" .
	 [89 0 0])
	("Application" .
	 [0 0 0 0 0 1 0 0 0 0 0])
	("1000" .
	 [1 0 0 0])
	("sstream" .
	 [1 0 0 0 0 0 0])
	("now_text" .
	 [3 0 0 0 0 0 0 0])
	("text_base" .
	 [2 0 0 0 0 0 0 0 0])
	("texts" .
	 [6 0 0 0 0])
	("tex" .
	 [1 0 0])
	("out_tex_src" .
	 [0 0 0 0 0 0 0 0 1 0 0])
	("out_text" .
	 [1 0 0 0 0 0 0 0])
	("out_tex" .
	 [1 0 0 0 0 0 0])
	("latex" .
	 [3 0 0 0 0])
	("out_texts" .
	 [3 0 0 0 0 0 0 0 0])
	("tex_text" .
	 [1 0 0 0 0 0 0 0])
	("eval" .
	 [4 0 0 0])
	("outputs" .
	 [4 0 0 0 0 0 0])
	("hello_world" .
	 [1 0 0 0 0 1 1 0 0 0 0])
	("hw_v" .
	 [3 0 0 0])
	("hw_c" .
	 [3 0 0 0])
	("hello" .
	 [2 0 0 0 0])
	("symbols" .
	 [2 0 0 0 0 0 0])
	("cost" .
	 [1 0 0 0])
	("tmp_sum" .
	 [1 0 1 1 1 0 0])
	("lastc" .
	 [3 0 0 0 0])
	("stack" .
	 [4 0 0 0 0])
	("pop" .
	 [4 0 0])
	("push" .
	 [5 0 0 0])
	("ins" .
	 [7 0 0])
	("mark-whole-buffer" .
	 [0 0 0 0 0 0 0 1 0 0 0 0 0 0 0 0 0])
	("hstr" .
	 [1 0 0 0])
	("tstr" .
	 [2 0 0 0])
	("hanako" .
	 [3 0 0 0 0 0])
	("taro" .
	 [3 0 0 0])
	("point" .
	 [20 0 0 0 0])
	("Game" .
	 [1 0 0 0])
	("struct" .
	 [4 0 0 0 0 0])
	("rad_c" .
	 [2 0 0 0 0])
	("stolower" .
	 [3 0 0 0 0 1 0 0])
	("count" .
	 [55 0 0 0 1])
	("word" .
	 [29 0 0 0])
	("target" .
	 [34 0 1 1 0 0])
	("alp_count" .
	 [2 0 0 0 0 0 0 0 0])
	("tolower" .
	 [4 0 0 0 0 0 0])
	("alphabets" .
	 [2 0 0 0 0 0 0 0 0])
	("RET" .
	 [1 0 0])
	("alphabet" .
	 [1 0 0 0 0 0 0 0])
	("len" .
	 [14 0 0])
	("yield" .
	 [1 0 0 0 0])
	("skip" .
	 [3 0 0 0])
	("end" .
	 [21 0 0])
	("begin" .
	 [30 0 0 0 0])
	("is_prime" .
	 [3 0 2 2 0 0 0 0])
	("is" .
	 [2 0])
	("100" .
	 [21 0 0])
	("lprime" .
	 [1 0 0 0 0 0])
	("print" .
	 [101 0 0 0 0])
	("primes" .
	 [28 0 0 0 0 0])
	("prime_list" .
	 [2 0 0 0 0 0 0 0 0 0])
	("range" .
	 [18 0 0 0 0])
	("in" .
	 [61 0])
	("sqrt" .
	 [8 0 0 0])
	("math" .
	 [2 0 0 0])
	("prime" .
	 [13 0 0 0 0])
	("line" .
	 [44 0 0 0])
	("get_result" .
	 [0 0 0 0 1 0 1 0 0 0])
	("check_even" .
	 [1 0 1 1 0 0 0 0 0 0])
	("bool" .
	 [25 0 0 0])
	("mark" .
	 [6 0 0 0])
	("choice_mark" .
	 [0 0 0 0 0 1 0 0 0 0 0])
	("break" .
	 [39 0 0 0 0])
	("ans" .
	 [11 0 0])
	("case" .
	 [38 0 0 0])
	("switch" .
	 [11 0 0 0 1 0])
	("cin" .
	 [37 0 0])
	("rep" .
	 [15 0 0])
	("swap" .
	 [7 0 0 0])
	("min" .
	 [10 0 0])
	("max" .
	 [13 0 0])
	("void" .
	 [81 0 0 1])
	("typedef" .
	 [3 0 0 0 0 0 1])
	("long" .
	 [4 0 0 0])
	("include" .
	 [80 0 1 0 0 0 0])
	("double" .
	 [39 0 0 0 0 0])
	("endl" .
	 [104 0 0 0])
	("cout" .
	 [98 0 0 0])
	("str11" .
	 [2 0 0 0 0])
	("string" .
	 [72 0 0 1 0 0])
	("bold" .
	 [5 0 0 0])
	(":weight" .
	 [2 0 0 0 0 0 0])
	("mozc" .
	 [1 0 0 0])
	("default-input-method" .
	 [0 0 0 0 0 0 0 0 0 0 0 0 1 0 0 0 0 0 0 0])
	("default" .
	 [3 0 0 0 0 1 0])
	("setq" .
	 [6 0 0 0])
	("set-language-environment" .
	 [0 0 0 0 0 0 0 0 0 0 0 0 0 0 0 0 0 1 0 0 0 0 0 0])
	("require" .
	 [2 0 0 0 0 0 0])
	("printf" .
	 [127 0 0 0 0 0])
	("while" .
	 [11 0 0 1 0])
	("do" .
	 [1 0])
	("//bin/" .
	 [0 0 3 0 0 0])
	("wakametter" .
	 [2 0 0 0 0 0 0 0 0 0])
	("settings" .
	 [3 0 0 0 0 0 0 0])
	("not" .
	 [11 0 0])
	("new_id" .
	 [2 0 0 0 0 0])
	("binascii" .
	 [1 0 0 0 0 0 0 0])
	("session" .
	 [3 0 0 0 0 0 0])
	("name" .
	 [82 0 0 0])
	("form" .
	 [7 0 0 0])
	("get" .
	 [3 0 0])
	("request" .
	 [4 0 0 0 0 0 0])
	("if" .
	 [257 0])
	("pass" .
	 [15 0 0 0])
	("user_name" .
	 [1 0 0 0 0 0 0 0 1])
	("text" .
	 [57 0 0 0])
	("route" .
	 [1 0 0 0 0])
	("port" .
	 [2 0 0 0])
	("int" .
	 [470 0 0])
	("run" .
	 [1 0 0])
	("__name__" .
	 [1 0 1 0 0 0 0 0])
	("return" .
	 [120 0 0 0 0 0])
	("def" .
	 [14 0 0])
	("app" .
	 [46 0 0])
	("Flask" .
	 [1 0 0 0 0])
	("flask" .
	 [0 0 0 0 2])
	("import" .
	 [38 0 0 0 0 0])
	("from" .
	 [23 0 0 0])
	("triple-quotes" .
	 [1 0 0 0 0 0 0 0 0 0 0 0 0])
	("alias" .
	 [3 0 0 0 0])
	("cdp" .
	 [1 0 0])
	("for" .
	 [290 0 0])
	("scanf" .
	 [3 0 0 0 0])
	("t" .
	 [2])
	("toggle-input-method" .
	 [0 0 0 0 0 0 0 0 0 0 0 0 1 0 0 0 0 0 0])
	("global-set-key" .
	 [0 0 0 0 0 0 1 0 0 0 0 0 0 0])
	("char" .
	 [133 0 0 0])
	("new" .
	 [9 0 0])
	("else" .
	 [76 0 0 0])
	("ope" .
	 [2 0 0])
	("output" .
	 [3 0 0 0 0 0])
	("tmp" .
	 [48 0 0])
	("fixed" .
	 [4 0 1 0 1])
	("M_PI" .
	 [1 0 0 0])
	("REP" .
	 [54 0 0])
	("func" .
	 [6 0 0 0])
	("get_pattern" .
	 [0 0 0 0 1 0 0 0 1 0 0])
	("pat" .
	 [3 0 0])
	("num" .
	 [46 0 0])
	("digt" .
	 [4 0 0 0])
	("sum" .
	 [9 0 1])
	("stoi" .
	 [2 0 0 0])
	("dic" .
	 [12 0 0])
	("str" .
	 [39 0 0])
	("shuffle" .
	 [6 0 0 0 0 0 0])
	("substr" .
	 [1 0 0 2 0 0])
	("left" .
	 [4 0 0 0])
	("right" .
	 [8 0 0 0 0])
	("size" .
	 [23 0 0 0])
	("print_mark" .
	 [1 0 0 0 0 0 0 0 0 0])
	("vector" .
	 [63 0 0 0 0 1])
	("vec" .
	 [31 0 0])
	("value" .
	 [17 0 0 0 0])
	("print_vector" .
	 [1 0 0 0 5 2 1 0 0 0 0 0])
	("iterator" .
	 [6 0 0 0 0 1 0 0])
	("newvec" .
	 [1 0 0 0 0 0])
	("vecの最初から3つの要素をコピー" .
	 [0 0 0 0 0 0 0 0 0 1 0 0 0 0 0 0 0])
	("vec2" .
	 [14 0 0 0])
	("vec3" .
	 [1 0 0 0])
	("vec1" .
	 [1 0 0 0])
	("vec4" .
	 [16 0 0 0])
	("reserve" .
	 [1 0 0 0 0 0 0])
	("clear" .
	 [2 0 0 0 0])
	("empty" .
	 [1 0 0 0 0])
	("pop_back" .
	 [1 0 0 0 0 0 0 0])
	("vec5" .
	 [9 0 0 0])
	("vstr" .
	 [2 0 0 0])
	("pow" .
	 [1 0 0])
	("variance" .
	 [2 0 0 0 0 0 0 0])
	("nums" .
	 [10 0 0 0])
	("define" .
	 [39 0 0 0 0 0])
	("all" .
	 [4 0 0])
	("set_data" .
	 [1 0 0 0 0 0 0 0])
	("bitor" .
	 [0 0 0 1 0])
	("bitset" .
	 [1 0 0 0 0 0])
	("flag" .
	 [11 0 0 0])
	("true" .
	 [18 0 0 0])
	("article" .
	 [1 0 0 0 0 0 0])
	("footer" .
	 [1 0 0 0 0 0])
	("margin" .
	 [4 0 0 0 0 0])
	("margin-left" .
	 [4 0 0 0 0 0 0 0 0 0 0])
	("0" .
	 [31])
	("10px" .
	 [45 0 0 0])
	("font" .
	 [3 0 0 0])
	("small" .
	 [1 0 0 0 0])
	("get_ticketPrices" .
	 [0 0 0 1 1 0 0 0 0 0 0 0 0 0 0 0])
	("seat" .
	 [1 0 0 0])
	("6000" .
	 [2 0 0 0])
	("4000" .
	 [1 0 0 0])
	("3000" .
	 [1 0 0 0])
	("2000" .
	 [1 0 0 0])
	("str14" .
	 [10 0 0 0 0])
	("push_back" .
	 [0 0 0 0 15 2 0 0 0])
	("self" .
	 [14 0 0 0])
	("html" .
	 [9 0 0 0])
	("render" .
	 [2 0 0 0 0 0])
	("none" .
	 [5 0 0 0])
	("input" .
	 [8 0 0 0 0])
	("write" .
	 [3 0 0 0 0])
	("sys" .
	 [3 0 0])
	("stdout" .
	 [3 0 0 0 0 0])
	("timeTest" .
	 [1 0 0 0 1 0 0 1])
	("10000" .
	 [1 0 0 0 0])
	("type" .
	 [10 0 0 0])
	("function" .
	 [38 0 0 0 0 0 0 0])
	("vars" .
	 [1 0 0 0])
	("functions" .
	 [2 0 0 0 0 0 0 0 0])
	("dict" .
	 [5 0 0 0])
	("TimeTest" .
	 [1 0 0 0 0 0 0 0])
	("timer" .
	 [2 0 0 0 0])
	("deg" .
	 [25 0 0])
	("dis" .
	 [31 0 0])
	("getDir" .
	 [6 0 0 0 0 0])
	("dir" .
	 [6 0 0])
	("getW" .
	 [2 0 0 0])
	("rtn" .
	 [15 0 0])
	("101" .
	 [1 0 0])
	("123" .
	 [1 0 0])
	("146" .
	 [1 0 0])
	("168" .
	 [1 0 0])
	("191" .
	 [1 0 0])
	("213" .
	 [1 0 0])
	("236" .
	 [1 0 0])
	("258" .
	 [1 0 0])
	("281" .
	 [1 0 0])
	("303" .
	 [1 0 0])
	("326" .
	 [1 0 0])
	("22" .
	 [4 0])
	("degs" .
	 [6 0 0 0])
	("25" .
	 [3 0])
	("11" .
	 [1 0])
	("10" .
	 [12 0])
	("first" .
	 [35 0 0 0 0])
	("second" .
	 [25 0 0 0 0 0])
	("time" .
	 [10 0 1 0])
	("class" .
	 [3 0 0 0 0])
	("espresso" .
	 [1 0 0 0 0 0 1 0])
	("tm" .
	 [24 0])
	("TM" .
	 [1 0])
	("MainScene" .
	 [2 0 0 0 0 0 0 0 0])
	("createClass" .
	 [2 0 0 0 0 0 0 0 0 0 0])
	("EndScene" .
	 [2 0 0 0 0 0 0 0])
	("this" .
	 [229 0 0 1])
	("backButton" .
	 [2 0 0 0 0 0 2 0 0 0])
	("star" .
	 [4 0 0 0])
	("position" .
	 [5 0 0 0 1 0 0 0])
	("set" .
	 [11 0 0])
	("userp" .
	 [2 0 0 0 0])
	("SCREEN_CENTER_X" .
	 [0 0 0 0 0 0 0 0 0 1 4 0 0 0 0])
	("SCREEN_CENTER_Y" .
	 [0 0 0 0 0 0 0 0 0 0 1 0 0 4 0])
	("addChild" .
	 [6 0 0 1 0 0 1 0])
	("onpointingstart" .
	 [2 0 0 0 0 0 0 0 0 0 0 0 0 0 0])
	("replaceScene" .
	 [3 0 0 0 0 0 0 0 1 0 0 0])
	("TitleScene" .
	 [1 0 0 0 0 0 0 0 0 0])
	("superClass" .
	 [3 0 0 0 0 0 0 0 0 0])
	("Scene" .
	 [1 0 0 0 0])
	("init" .
	 [3 0 0 0])
	("superInit" .
	 [4 0 0 0 0 0 0 0 0])
	("interaction" .
	 [1 0 0 0 0 0 0 0 0 0 0])
	("filter" .
	 [5 0 0 0 0 0])
	("Shape" .
	 [1 0 0 0 0])
	("SCREEN_WIDTH" .
	 [1 0 0 0 0 0 0 1 0 1 0 0])
	("SCREEN_HEIGHT" .
	 [0 0 0 0 0 0 0 0 1 3 0 0 0])
	("canvas" .
	 [3 0 0 0 0 0])
	("clearColor" .
	 [0 0 0 0 0 0 0 1 0 0])
	("stop" .
	 [2 0 0 0])
	("keyboard" .
	 [4 0 0 1 0 1 0 0])
	("getKey" .
	 [2 0 0 0 0 0])
	("PauseScene" .
	 [1 0 0 0 0 0 0 1 0 0])
	("key" .
	 [20 0 0])
	("setPosition" .
	 [1 0 0 2 1 6 0 0 0 0 0])
	("GlossyButton" .
	 [1 0 0 0 0 0 0 0 0 0 0 0])
	("endButton" .
	 [1 0 0 0 0 0 0 0 0])
	("onclick" .
	 [4 0 0 1 0 0 0])
	("file" .
	 [29 0 0 0])
	("open" .
	 [2 0 0 0])
	("unicode" .
	 [10 0 0 0 0 0 0])
	("readline" .
	 [3 0 0 0 0 0 0 0])
	("next" .
	 [10 0 0 0])
	("monsters" .
	 [7 0 0 2 0 0 0 1])
	("list" .
	 [30 0 0 0])
	("monster" .
	 [21 0 0 0 0 0 0])
	("readlines" .
	 [1 0 0 0 0 0 0 0 0])
	("split" .
	 [7 0 0 0 0])
	("minidic" .
	 [5 0 0 0 0 0 0])
	("loadingScene" .
	 [1 0 0 0 0 0 0 0 0 0 0 0])
	("result" .
	 [4 0 0 0 1 0])
	("reduce" .
	 [1 0 0 0 0 0])
	("getSurface" .
	 [1 0 0 0 0 0 0 0 0 0])
	("column-number-mode" .
	 [0 0 0 0 0 1 0 0 0 0 0 0 0 0 0 0 0 0])
	("nil" .
	 [4 0 0])
	("jinja2" .
	 [1 0 0 0 0 0])
	("Mode" .
	 [3 0 0 1])
	("mode" .
	 [20 0 0 0])
	("when" .
	 [1 0 0 0])
	("js2-mode" .
	 [2 0 0 1 0 0 0 0])
	("defun" .
	 [3 0 0 0 1])
	("autoload" .
	 [0 0 0 0 1 0 0 0])
	("add-js2-mode-common-conf" .
	 [0 0 0 0 0 0 0 1 0 0 0 0 0 0 0 0 0 0 0 0 0 0 0 0])
	("auto-mode-alist" .
	 [0 0 0 0 0 0 0 0 0 1 0 0 0 0 0])
	("python" .
	 [2 0 0 0 0 0])
	("add-python-mode-conf" .
	 [0 0 0 0 0 0 0 0 0 0 1 0 0 0 0 0 0 0 0 0])
	("jedge" .
	 [1 0 0 0 0])
	("NULL" .
	 [16 0 0 0])
	("now" .
	 [3 0 0])
	("judge" .
	 [1 0 0 0 0])
	("auto" .
	 [15 0 0 0])
	("template" .
	 [6 0 0 0 0 0 0 0])
	("typename" .
	 [2 0 0 0 0 0 0 0])
	("using" .
	 [2 0 0 0 0])
	("std" .
	 [1 0 0])
	("Vec" .
	 [1 0 0])
	("//bin/cp" .
	 [0 0 0 0 0 0 1 0])
	("val" .
	 [7 0 0])
	("plus" .
	 [2 0 0 0])
	("say" .
	 [1 0 0])
	("words" .
	 [3 0 0 0 0])
	("confirm" .
	 [4 0 0 0 0 0 0])
	("score" .
	 [2 0 0 0 0])
	("WakameEnglish" .
	 [0 0 0 0 0 1 0 0 0 0 0 0 0])
	("prototype" .
	 [1 0 0 0 0 1 0 0 0])
	("announceResult" .
	 [0 0 0 0 0 1 0 0 0 0 0 0 0 0])
	("ptr" .
	 [2 0 0])
	("putchar" .
	 [1 0 0 1 0 0 0])
	("setData" .
	 [2 0 0 0 0 0 0])
	("NUM" .
	 [8 0 0])
	("unsigned" .
	 [1 0 0 0 0 0 0 0])
	("item" .
	 [20 0 0 0])
	("items" .
	 [15 0 0 0 0])
	("counts" .
	 [1 0 0 0 0 0])
	("reverse" .
	 [3 0 0 0 0 0 0])
	("background-color" .
	 [0 0 1 1 4 0 0 1 1 0 1 4 0 8 0 0])
	("red" .
	 [1 0 0])
	("sans-serif" .
	 [0 0 0 0 0 1 0 1 0 0])
	("font-weight" .
	 [0 0 0 0 0 0 0 0 1 0 0])
	("padding" .
	 [2 0 0 0 0 0 0])
	("20px" .
	 [24 0 0 0])
	("fileDataAria" .
	 [0 0 0 0 1 1 0 0 0 0 0 0])
	("555555" .
	 [3 0 0 0 0 0])
	("header" .
	 [4 0 0 0 0 0])
	("center" .
	 [4 0 0 0 0 0])
	("0px" .
	 [6 0 0])
	("getElementById" .
	 [0 0 0 2 0 1 0 0 0 0 0 0 0 0])
	("document" .
	 [5 0 0 0 0 0 0 0])
	("rbtn" .
	 [1 0 0 0])
	("fTxt" .
	 [1 0 0 0])
	("ft" .
	 [2 0])
	("addElementListener" .
	 [0 0 0 1 1 0 0 0 0 0 0 0 0 0 0 0 0 0])
	("ftxt" .
	 [1 0 0 0])
	("onChangeFile" .
	 [1 0 0 0 0 0 0 0 0 0 0 0])
	("files" .
	 [2 0 0 0 0])
	("onDropFile" .
	 [1 0 0 0 0 0 0 0 0 0])
	("readFile" .
	 [2 0 0 0 0 0 0 0])
	("onCancel" .
	 [1 0 0 0 0 0 0 0])
	("preventDefault" .
	 [1 0 0 0 0 0 0 1 0 0 0 0 0 0])
	("$id" .
	 [20 0 0])
	("innerHTML" .
	 [5 0 0 2 0 2 0 0 0])
	("reader" .
	 [2 0 0 0 0 0])
	("onload" .
	 [2 0 0 0 0 0])
	("setting" .
	 [1 0 0 0 0 0 0])
	("span" .
	 [2 0 0 0])
	("324px" .
	 [1 0 0 0 0])
	("x" .
	 [1])
	("aaaaff" .
	 [1 0 0 0 0 0])
	("aaffaa" .
	 [2 0 0 0 0 0])
	("88ff88" .
	 [1 0 0 0 0 0])
	("300px" .
	 [1 0 0 0 0])
	("absolute" .
	 [1 0 2 0 2 0 0 0])
	("margin-top" .
	 [1 0 0 0 0 0 0 0 0 0])
	("relative" .
	 [1 0 0 0 1 0 0 0])
	("balloon" .
	 [1 0 0 1 1 1 1])
	("before" .
	 [1 0 0 0 0 0])
	("dddddd" .
	 [1 0 0 0 0 0])
	("666" .
	 [10 0 0])
	("50px" .
	 [2 0 0 0])
	("40px" .
	 [1 0 0 0])
	("font-size" .
	 [0 0 0 0 0 0 0 1 0])
	("vertical" .
	 [0 0 0 0 0 1 0 0])
	("middle" .
	 [1 0 0 0 0 0])
	("256" .
	 [3 0 0])
	("system" .
	 [4 0 0 0 0 0])
	("members" .
	 [29 0 0 0 0 0 0])
	("memlen" .
	 [10 0 0 0 0 0])
	("argv" .
	 [14 0 0 0])
	("important" .
	 [1 0 0 0 0 0 0 0 0])
	("999" .
	 [1 0 0])
	("100%" .
	 [7 0 0 0])
	("tdftad" .
	 [2 0 0 0 0 0])
	("lib" .
	 [2 0 0])
	("command" .
	 [11 0 0 0 2 0 0])
	("makun" .
	 [1 0 0 0 0])
	("Makun" .
	 [4 0 0 0 0])
	("get_template" .
	 [0 0 0 0 0 0 1 0 0 0 0 0])
	("template_file" .
	 [13 0 0 0 0 0 0 0 0 0 0 0 0])
	("output_file" .
	 [4 0 0 0 0 0 0 0 0 0 0])
	("get_outputFile" .
	 [1 0 0 0 0 0 0 0 0 0 0 0 0 0])
	("get_templateFile" .
	 [1 0 0 0 0 0 0 0 0 0 0 0 0 0 0 0])
	("makeFile" .
	 [2 0 0 0 0 0 0 0])
	("path" .
	 [51 0 0 0])
	("template_path" .
	 [12 0 0 0 0 0 0 0 0 0 0 0 0])
	("os" .
	 [25 0])
	("dirname" .
	 [1 0 0 0 0 0 0])
	("template_dir" .
	 [14 0 0 0 0 0 0 0 0 0 0 0])
	("TEMPLATE_DIR" .
	 [9 0 0 0 0 0 0 0 0 0 0 0])
	("_cancel_error" .
	 [0 0 0 1 3 0 0 0 0 0 0 0 0])
	("Cancel" .
	 [0 0 1 0 0 0])
	("listdir" .
	 [1 0 0 0 0 0 0])
	("file_list" .
	 [3 0 0 0 0 0 0 0 0])
	("_find_file" .
	 [2 0 0 0 0 2 1 0 0 0])
	("IGNORE_FILE" .
	 [0 0 0 0 0 0 2 0 0 0 0])
	("join" .
	 [3 0 0 0])
	("basename" .
	 [2 0 0 0 0 0 0 0])
	("output_dir" .
	 [4 0 0 0 0 0 0 0 0 0])
	("args" .
	 [1 0 0 0])
	("options" .
	 [2 0 0 0 0 0 0])
	("option" .
	 [7 0 0 0 0 0])
	("PASS" .
	 [2 0 0 0])
	("DIR" .
	 [2 0 0])
	("HTML" .
	 [1 0 0 0])
	("css" .
	 [4 0 0])
	("setPass" .
	 [1 0 0 0 0 0 0])
	("OUTPUT_HTML_FILE" .
	 [1 0 0 0 0 0 0 0 0 0 0 0 0 0 0 0])
	("three-step-help" .
	 [0 0 0 0 0 1 0 0 0 0 0 0 0 0 0])
	("sixth" .
	 [0 0 0 1 0])
	("focus" .
	 [1 0 0 0 0])
	("scroll-up" .
	 [1 0 0 0 0 0 0 0 0])
	("scroll-down" .
	 [1 0 0 0 0 0 0 0 0 0 0])
	("defun*" .
	 [0 0 0 0 0 1])
	("interactive" .
	 [0 0 0 0 0 0 0 0 0 1 0])
	("frame-parameter" .
	 [1 0 0 0 0 0 0 0 0 0 0 0 0 0 1])
	("PrintJE" .
	 [6 0 1 0 3 1 2])
	("JA" .
	 [1 0])
	("jstr" .
	 [3 0 0 0])
	("estr" .
	 [2 0 0 0])
	("lang" .
	 [3 0 0 0])
	("lesson_name" .
	 [1 0 0 0 0 0 1 0 0 3 1])
	("lesson_number" .
	 [0 0 0 0 2 0 1 0 0 5 0 0 1])
	("lesson_n" .
	 [0 0 0 0 0 0 0 1])
	("OFF" .
	 [1 0 0])
	("filename" .
	 [4 0 0 0 1 1 2 0])
	("GetFilename" .
	 [0 0 0 1 0 0 0 1 0 0 0])
	("SetLessonName" .
	 [1 0 0 0 0 0 0 0 0 0 0 1 0])
	("SetLessonNumber" .
	 [0 0 0 0 0 1 0 0 0 0 0 0 1 0 0])
	("SetLesson" .
	 [2 0 0 0 1 0 0 0 0])
	("NAME_LIST" .
	 [0 0 0 0 0 0 0 1 0])
	("NAMES_FILE" .
	 [0 0 0 0 0 1 0 0 0 0])
	("lessons" .
	 [1 0 0 0 0 0 0])
	("LESSONS_NAME" .
	 [3 0 0 0 0 0 0 1 0 0 0 0])
	("WORDS_PATH" .
	 [0 0 0 0 0 0 0 2 0 0])
	("WORDS_DIR" .
	 [1 0 0 0 0 0 0 0 0])
	("LESSONS_PATH" .
	 [1 0 0 0 0 0 0 0 0 2 0 0])
	("ShowMode" .
	 [1 0 0 2 3 1 0 1])
	("WriteMode" .
	 [0 0 0 1 0 4 1 1 0])
	("argc" .
	 [9 0 0 0])
	("optind" .
	 [9 0 0 0 0 0])
	("todo" .
	 [20 0 0 0])
	("difarg" .
	 [0 0 0 0 0 1])
	("diffarg" .
	 [1 0 0 0 1 0 0])
	("モード" .
	 [1 0 0])
	("linen" .
	 [9 0 0 0 0])
	("isJapanese" .
	 [0 0 0 4 3 0 0 0 0 0])
	("Japanese" .
	 [1 0 0 2 0 0 0 0])
	("JAPNESE" .
	 [0 0 1 0 0 0 0])
	("help" .
	 [2 0 0 0])
	("compile_command" .
	 [0 0 0 0 0 1 0 0 0 0 0 0 0 0 0])
	("run_command" .
	 [0 0 0 1 0 0 0 0 0 0 0])
	("isPrime" .
	 [0 0 0 1 0 0 0])
	("p_flag" .
	 [0 0 1 1 0 0])
	("TRAIN" .
	 [2 0 1 0 0])
	("200" .
	 [5 0 0])
	("memo" .
	 [10 0 0 0])
	("Item" .
	 [1 0 0 0])
	("maps" .
	 [10 0 0 0])
	("flags" .
	 [2 0 0 0 0])
	("1000000" .
	 [1 0 0 0 0 0 0])
	("10000000" .
	 [1 0 0 0 0 0 0 0])))
